P1=(0.200000,5.000000)
P2=(-8.000000,3.000000)
