P1=(-4.000000,6.000000)
P2=(5.000000,5.000000)
